shape_id, shape_pt_lat, shape_pt_lon, shape_pt_sequence
1, 41.705839, -73.937946, 51000
1, 41.587448, -73.947226, 47000
1, 41.504007, -73.984528, 46000
1, 41.450181, -73.982449, 44000
1, 41.415283, -73.95809, 43000
1, 41.38178, -73.947202, 42000
1, 41.335181, -73.967328, 40000
1, 41.285962, -73.93042, 39000
1, 41.246259, -73.921884, 37000
1, 41.192391, -73.884071, 33000
1, 41.157663, -73.869281, 31000
1, 41.135763, -73.866163, 30000
1, 41.09492, -73.869755, 29000
1, 41.076473, -73.864563, 27000
1, 41.039993, -73.873083, 25000
1, 41.026198, -73.876543, 24000
1, 41.012459, -73.87949, 23000
1, 40.994109, -73.884512, 22000
1, 40.97104, -73.889989, 20000
1, 40.950496, -73.899062, 19000
1, 40.935795, -73.902668, 18000
1, 40.924972, -73.904612, 17000
1, 40.903981, -73.914126, 16000
1, 40.878245, -73.921455, 14000
1, 40.874333, -73.910941, 11000
1, 40.862248, -73.91312, 10000
1, 40.854252, -73.919583, 9000
1, 40.8253, -73.9299, 7000
1, 40.805157, -73.939149, 4000
1, 40.752998, -73.977056, 1000
2, 40.752998, -73.977056, 1000
2, 40.805157, -73.939149, 4000
2, 40.8253, -73.9299, 7000
2, 40.854252, -73.919583, 9000
2, 40.862248, -73.91312, 10000
2, 40.874333, -73.910941, 11000
2, 40.878245, -73.921455, 14000
2, 40.903981, -73.914126, 16000
2, 40.924972, -73.904612, 17000
2, 40.935795, -73.902668, 18000
2, 40.950496, -73.899062, 19000
2, 40.97104, -73.889989, 20000
2, 40.994109, -73.884512, 22000
2, 41.012459, -73.87949, 23000
2, 41.026198, -73.876543, 24000
2, 41.039993, -73.873083, 25000
2, 41.076473, -73.864563, 27000
2, 41.09492, -73.869755, 29000
2, 41.135763, -73.866163, 30000
2, 41.157663, -73.869281, 31000
2, 41.192391, -73.884071, 33000
2, 41.246259, -73.921884, 37000
2, 41.285962, -73.93042, 39000
2, 41.335181, -73.967328, 40000
2, 41.38178, -73.947202, 42000
2, 41.415283, -73.95809, 43000
2, 41.450181, -73.982449, 44000
2, 41.504007, -73.984528, 46000
2, 41.587448, -73.947226, 47000
2, 41.705839, -73.937946, 51000
3, 41.821579, -73.563583, 103000
3, 41.779938, -73.558204, 102000
3, 41.740401, -73.576502, 101000
3, 41.637525, -73.57145, 100000
3, 41.61081, -73.57871, 99000
3, 41.564205, -73.600524, 98000
3, 41.511827, -73.604584, 97000
3, 41.413203, -73.623787, 94000
3, 41.39447, -73.619802, 91000
3, 41.347722, -73.662269, 90000
3, 41.325775, -73.659061, 89000
3, 41.294338, -73.677655, 88000
3, 41.259552, -73.684155, 86000
3, 41.237316, -73.699936, 85000
3, 41.208242, -73.729778, 84000
3, 41.158015, -73.774885, 83000
3, 41.135222, -73.792661, 81000
3, 41.097218, -73.794327, 80000
3, 41.097165, -73.794235, 79000
3, 41.072819, -73.772599, 78000
3, 41.049806, -73.773142, 76000
3, 41.032589, -73.775208, 74000
3, 41.010333, -73.796407, 72000
3, 40.989168, -73.808634, 71000
3, 40.958997, -73.820564, 68000
3, 40.949393, -73.830166, 66000
3, 40.93978, -73.835208, 65000
3, 40.92699, -73.83948, 64000
3, 40.912142, -73.851129, 62000
3, 40.905424, -73.854665, 61000
3, 40.895361, -73.862916, 59000
3, 40.878569, -73.871064, 58000
3, 40.866555, -73.883109, 57000
3, 40.8615, -73.89058, 56000
3, 40.847301, -73.89955, 55000
3, 40.825761, -73.915231, 54000
3, 40.8253, -73.9299, 7000
3, 40.805157, -73.939149, 4000
3, 40.752998, -73.977056, 1000
4, 40.752998, -73.977056, 1000
4, 40.805157, -73.939149, 4000
4, 40.8253, -73.9299, 7000
4, 40.825761, -73.915231, 54000
4, 40.847301, -73.89955, 55000
4, 40.8615, -73.89058, 56000
4, 40.866555, -73.883109, 57000
4, 40.878569, -73.871064, 58000
4, 40.895361, -73.862916, 59000
4, 40.905424, -73.854665, 61000
4, 40.912142, -73.851129, 62000
4, 40.92699, -73.83948, 64000
4, 40.93978, -73.835208, 65000
4, 40.949393, -73.830166, 66000
4, 40.958997, -73.820564, 68000
4, 40.989168, -73.808634, 71000
4, 41.010333, -73.796407, 72000
4, 41.032589, -73.775208, 74000
4, 41.049806, -73.773142, 76000
4, 41.072819, -73.772599, 78000
4, 41.097165, -73.794235, 79000
4, 41.097218, -73.794327, 80000
4, 41.135222, -73.792661, 81000
4, 41.158015, -73.774885, 83000
4, 41.208242, -73.729778, 84000
4, 41.237316, -73.699936, 85000
4, 41.259552, -73.684155, 86000
4, 41.294338, -73.677655, 88000
4, 41.325775, -73.659061, 89000
4, 41.347722, -73.662269, 90000
4, 41.39447, -73.619802, 91000
4, 41.413203, -73.623787, 94000
4, 41.511827, -73.604584, 97000
4, 41.564205, -73.600524, 98000
4, 41.61081, -73.57871, 99000
4, 41.637525, -73.57145, 100000
4, 41.740401, -73.576502, 101000
4, 41.779938, -73.558204, 102000
4, 41.821579, -73.563583, 103000
5, 41.304979, -72.921747, 173000
5, 41.296501, -72.92829, 171000
5, 41.223231, -73.057647, 167000
5, 41.194255, -73.131532, 158000
5, 41.178677, -73.187076, 155000
5, 41.143077, -73.257742, 153000
5, 41.134844, -73.28897, 152000
5, 41.122265, -73.315408, 151000
5, 41.118928, -73.371413, 149000
5, 41.103996, -73.404588, 148000
5, 41.09673, -73.421132, 138000
5, 41.077456, -73.445527, 136000
5, 41.076913, -73.472966, 135000
5, 41.069041, -73.49788, 134000
5, 41.046611, -73.542846, 124000
5, 41.033817, -73.565859, 121000
5, 41.031682, -73.588173, 120000
5, 41.030171, -73.598306, 118000
5, 41.021277, -73.624621, 116000
5, 41.000732, -73.6647, 115000
5, 40.986744, -73.679131, 114000
5, 40.969432, -73.712964, 112000
5, 40.954061, -73.736125, 111000
5, 40.933394, -73.759792, 110000
5, 40.911605, -73.783807, 108000
5, 40.910321, -73.810242, 106000
5, 40.912161, -73.832185, 105000
5, 40.8615, -73.89058, 56000
5, 40.8253, -73.9299, 7000
5, 40.805157, -73.939149, 4000
5, 40.752998, -73.977056, 1000
6, 40.752998, -73.977056, 1000
6, 40.805157, -73.939149, 4000
6, 40.8253, -73.9299, 7000
6, 40.8615, -73.89058, 56000
6, 40.912161, -73.832185, 105000
6, 40.910321, -73.810242, 106000
6, 40.911605, -73.783807, 108000
6, 40.933394, -73.759792, 110000
6, 40.954061, -73.736125, 111000
6, 40.969432, -73.712964, 112000
6, 40.986744, -73.679131, 114000
6, 41.000732, -73.6647, 115000
6, 41.021277, -73.624621, 116000
6, 41.030171, -73.598306, 118000
6, 41.031682, -73.588173, 120000
6, 41.033817, -73.565859, 121000
6, 41.046611, -73.542846, 124000
6, 41.069041, -73.49788, 134000
6, 41.076913, -73.472966, 135000
6, 41.077456, -73.445527, 136000
6, 41.09673, -73.421132, 138000
6, 41.103996, -73.404588, 148000
6, 41.118928, -73.371413, 149000
6, 41.122265, -73.315408, 151000
6, 41.134844, -73.28897, 152000
6, 41.143077, -73.257742, 153000
6, 41.178677, -73.187076, 155000
6, 41.194255, -73.131532, 158000
6, 41.223231, -73.057647, 167000
6, 41.296501, -72.92829, 171000
6, 41.304979, -72.921747, 173000
7, 41.146305, -73.495626, 130000
7, 41.116012, -73.498149, 128000
7, 41.08876, -73.517828, 127000
7, 41.070547, -73.520021, 126000
7, 41.046611, -73.542846, 124000
7, 41.033817, -73.565859, 121000
7, 41.031682, -73.588173, 120000
7, 41.030171, -73.598306, 118000
7, 41.021277, -73.624621, 116000
7, 41.000732, -73.6647, 115000
7, 40.986744, -73.679131, 114000
7, 40.969432, -73.712964, 112000
7, 40.954061, -73.736125, 111000
7, 40.933394, -73.759792, 110000
7, 40.911605, -73.783807, 108000
7, 40.910321, -73.810242, 106000
7, 40.912161, -73.832185, 105000
7, 40.8615, -73.89058, 56000
7, 40.8253, -73.9299, 7000
7, 40.805157, -73.939149, 4000
7, 40.752998, -73.977056, 1000
8, 40.752998, -73.977056, 1000
8, 40.805157, -73.939149, 4000
8, 40.8253, -73.9299, 7000
8, 40.8615, -73.89058, 56000
8, 40.912161, -73.832185, 105000
8, 40.910321, -73.810242, 106000
8, 40.911605, -73.783807, 108000
8, 40.933394, -73.759792, 110000
8, 40.954061, -73.736125, 111000
8, 40.969432, -73.712964, 112000
8, 40.986744, -73.679131, 114000
8, 41.000732, -73.6647, 115000
8, 41.021277, -73.624621, 116000
8, 41.030171, -73.598306, 118000
8, 41.031682, -73.588173, 120000
8, 41.033817, -73.565859, 121000
8, 41.046611, -73.542846, 124000
8, 41.070547, -73.520021, 126000
8, 41.08876, -73.517828, 127000
8, 41.116012, -73.498149, 128000
8, 41.146305, -73.495626, 130000
9, 41.396363, -73.450163, 147000
9, 41.378159, -73.419118, 146000
9, 41.325684, -73.4338, 145000
9, 41.26763, -73.441421, 144000
9, 41.21662, -73.426703, 143000
9, 41.196202, -73.432434, 142000
9, 41.143382, -73.427917, 140000
9, 41.09673, -73.421132, 138000
9, 41.077456, -73.445527, 136000
9, 41.076913, -73.472966, 135000
9, 41.069041, -73.49788, 134000
9, 41.046611, -73.542846, 124000
9, 41.033817, -73.565859, 121000
9, 41.031682, -73.588173, 120000
9, 41.030171, -73.598306, 118000
9, 41.021277, -73.624621, 116000
9, 41.000732, -73.6647, 115000
9, 40.986744, -73.679131, 114000
9, 40.969432, -73.712964, 112000
9, 40.954061, -73.736125, 111000
9, 40.933394, -73.759792, 110000
9, 40.911605, -73.783807, 108000
9, 40.910321, -73.810242, 106000
9, 40.912161, -73.832185, 105000
9, 40.8615, -73.89058, 56000
9, 40.8253, -73.9299, 7000
9, 40.805157, -73.939149, 4000
9, 40.752998, -73.977056, 1000
10, 40.752998, -73.977056, 1000
10, 40.805157, -73.939149, 4000
10, 40.8253, -73.9299, 7000
10, 40.8615, -73.89058, 56000
10, 40.912161, -73.832185, 105000
10, 40.910321, -73.810242, 106000
10, 40.911605, -73.783807, 108000
10, 40.933394, -73.759792, 110000
10, 40.954061, -73.736125, 111000
10, 40.969432, -73.712964, 112000
10, 40.986744, -73.679131, 114000
10, 41.000732, -73.6647, 115000
10, 41.021277, -73.624621, 116000
10, 41.030171, -73.598306, 118000
10, 41.031682, -73.588173, 120000
10, 41.033817, -73.565859, 121000
10, 41.046611, -73.542846, 124000
10, 41.069041, -73.49788, 134000
10, 41.076913, -73.472966, 135000
10, 41.077456, -73.445527, 136000
10, 41.09673, -73.421132, 138000
10, 41.143382, -73.427917, 140000
10, 41.196202, -73.432434, 142000
10, 41.21662, -73.426703, 143000
10, 41.26763, -73.441421, 144000
10, 41.325684, -73.4338, 145000
10, 41.378159, -73.419118, 146000
10, 41.396363, -73.450163, 147000
11, 41.552728, -73.046126, 166000
11, 41.494204, -73.052655, 165000
11, 41.441752, -73.06359, 164000
11, 41.395139, -73.072499, 163000
11, 41.340272, -73.078609, 162000
11, 41.319718, -73.083548, 161000
11, 41.194255, -73.131532, 158000
11, 41.178677, -73.187076, 155000
11, 41.046611, -73.542846, 124000
11, 40.8253, -73.9299, 7000
12, 40.8253, -73.9299, 7000
12, 41.046611, -73.542846, 124000
12, 41.178677, -73.187076, 155000
12, 41.194255, -73.131532, 158000
12, 41.319718, -73.083548, 161000
12, 41.340272, -73.078609, 162000
12, 41.395139, -73.072499, 163000
12, 41.441752, -73.06359, 164000
12, 41.494204, -73.052655, 165000
12, 41.552728, -73.046126, 166000
