service_id,date,exception_type
1,20101213,1
1,20101214,1
1,20101215,1
1,20101216,1
1,20101217,1
1,20101220,1
1,20101221,1
1,20101222,1
1,20101223,1
1,20101224,1
1,20101227,1
1,20101228,1
1,20101229,1
1,20101230,1
1,20101231,1
1,20110103,1
1,20110104,1
1,20110105,1
1,20110106,1
1,20110107,1
1,20110110,1
1,20110111,1
1,20110112,1
1,20110113,1
1,20110114,1
1,20110117,1
1,20110118,1
1,20110119,1
1,20110120,1
1,20110121,1
1,20110124,1
1,20110125,1
1,20110126,1
1,20110127,1
1,20110128,1
1,20110131,1
1,20110201,1
1,20110202,1
1,20110203,1
1,20110204,1
1,20110207,1
1,20110208,1
1,20110209,1
1,20110210,1
1,20110211,1
1,20110214,1
1,20110215,1
1,20110216,1
1,20110217,1
1,20110218,1
1,20110221,1
1,20110222,1
1,20110223,1
1,20110224,1
1,20110225,1
1,20110228,1
1,20110301,1
1,20110302,1
1,20110303,1
1,20110304,1
1,20110307,1
1,20110308,1
1,20110309,1
1,20110310,1
1,20110311,1
1,20110314,1
1,20110315,1
1,20110316,1
1,20110317,1
1,20110318,1
1,20110321,1
1,20110322,1
1,20110323,1
1,20110324,1
1,20110325,1
1,20110328,1
1,20110329,1
1,20110330,1
1,20110331,1
1,20110401,1
1,20110404,1
1,20110405,1
1,20110406,1
1,20110407,1
1,20110408,1
1,20110411,1
1,20110412,1
1,20110413,1
1,20110414,1
1,20110415,1
1,20110418,1
1,20110419,1
1,20110420,1
1,20110421,1
1,20110422,1
1,20110425,1
1,20110426,1
1,20110427,1
1,20110428,1
1,20110429,1
1,20110502,1
1,20110503,1
1,20110504,1
1,20110505,1
1,20110506,1
1,20110509,1
1,20110510,1
1,20110511,1
1,20110512,1
1,20110513,1
1,20110516,1
1,20110517,1
1,20110518,1
1,20110519,1
1,20110520,1
1,20110523,1
1,20110524,1
1,20110525,1
1,20110526,1
1,20110527,1
1,20110530,1
1,20110531,1
1,20110601,1
1,20110602,1
1,20110603,1
1,20110606,1
1,20110607,1
1,20110608,1
1,20110609,1
1,20110610,1
2,20101231,1
3,20101217,1
3,20101218,1
3,20101223,1
3,20101224,1
3,20101225,1
3,20101231,1
3,20110101,1
3,20110107,1
3,20110108,1
3,20110114,1
3,20110115,1
3,20110116,1
3,20110121,1
3,20110122,1
3,20110128,1
3,20110129,1
3,20110204,1
3,20110205,1
3,20110211,1
3,20110212,1
3,20110218,1
3,20110219,1
3,20110220,1
3,20110225,1
3,20110226,1
3,20110304,1
3,20110305,1
3,20110311,1
3,20110312,1
3,20110318,1
3,20110319,1
3,20110325,1
3,20110326,1
3,20110401,1
3,20110402,1
3,20110408,1
3,20110409,1
3,20110415,1
3,20110416,1
3,20110422,1
3,20110423,1
3,20110429,1
3,20110430,1
3,20110506,1
3,20110507,1
3,20110513,1
3,20110514,1
3,20110520,1
3,20110521,1
4,20101213,1
4,20101214,1
4,20101215,1
4,20101216,1
4,20101217,1
4,20101220,1
4,20101221,1
4,20101222,1
4,20101223,1
4,20101227,1
4,20101228,1
4,20101229,1
4,20101230,1
4,20101231,1
4,20110103,1
4,20110104,1
4,20110105,1
4,20110106,1
4,20110107,1
4,20110110,1
4,20110111,1
4,20110112,1
4,20110113,1
4,20110114,1
4,20110118,1
4,20110119,1
4,20110120,1
4,20110121,1
4,20110124,1
4,20110125,1
4,20110126,1
4,20110127,1
4,20110128,1
4,20110131,1
4,20110201,1
4,20110202,1
4,20110203,1
4,20110204,1
4,20110207,1
4,20110208,1
4,20110209,1
4,20110210,1
4,20110211,1
4,20110214,1
4,20110215,1
4,20110216,1
4,20110217,1
4,20110218,1
4,20110222,1
4,20110223,1
4,20110224,1
4,20110225,1
4,20110228,1
4,20110301,1
4,20110302,1
4,20110303,1
4,20110304,1
4,20110307,1
4,20110308,1
4,20110309,1
4,20110310,1
4,20110311,1
4,20110314,1
4,20110315,1
4,20110316,1
4,20110317,1
4,20110318,1
4,20110321,1
4,20110322,1
4,20110323,1
4,20110324,1
4,20110325,1
4,20110328,1
4,20110329,1
4,20110330,1
4,20110331,1
4,20110401,1
4,20110404,1
4,20110405,1
4,20110406,1
4,20110407,1
4,20110408,1
4,20110411,1
4,20110412,1
4,20110413,1
4,20110414,1
4,20110415,1
4,20110418,1
4,20110419,1
4,20110420,1
4,20110421,1
4,20110422,1
4,20110425,1
4,20110426,1
4,20110427,1
4,20110428,1
4,20110429,1
4,20110502,1
4,20110503,1
4,20110504,1
4,20110505,1
4,20110506,1
4,20110509,1
4,20110510,1
4,20110511,1
4,20110512,1
4,20110513,1
4,20110516,1
4,20110517,1
4,20110518,1
4,20110519,1
4,20110520,1
5,20101218,1
5,20101219,1
5,20101224,1
5,20101225,1
5,20101226,1
5,20110101,1
5,20110102,1
5,20110108,1
5,20110109,1
5,20110115,1
5,20110116,1
5,20110117,1
5,20110122,1
5,20110123,1
5,20110129,1
5,20110130,1
5,20110205,1
5,20110206,1
5,20110212,1
5,20110213,1
5,20110219,1
5,20110220,1
5,20110221,1
5,20110226,1
5,20110227,1
5,20110305,1
5,20110306,1
5,20110312,1
5,20110313,1
5,20110319,1
5,20110320,1
5,20110326,1
5,20110327,1
5,20110402,1
5,20110403,1
5,20110409,1
5,20110410,1
5,20110416,1
5,20110417,1
5,20110423,1
5,20110424,1
5,20110430,1
5,20110501,1
5,20110507,1
5,20110508,1
5,20110514,1
5,20110515,1
5,20110521,1
5,20110522,1
6,20101213,1
6,20101214,1
6,20101215,1
6,20101216,1
6,20101219,1
6,20101220,1
6,20101221,1
6,20101222,1
6,20101226,1
6,20101227,1
6,20101228,1
6,20101229,1
6,20101230,1
6,20110102,1
6,20110103,1
6,20110104,1
6,20110105,1
6,20110106,1
6,20110109,1
6,20110110,1
6,20110111,1
6,20110112,1
6,20110113,1
6,20110117,1
6,20110118,1
6,20110119,1
6,20110120,1
6,20110123,1
6,20110124,1
6,20110125,1
6,20110126,1
6,20110127,1
6,20110130,1
6,20110131,1
6,20110201,1
6,20110202,1
6,20110203,1
6,20110206,1
6,20110207,1
6,20110208,1
6,20110209,1
6,20110210,1
6,20110213,1
6,20110214,1
6,20110215,1
6,20110216,1
6,20110217,1
6,20110221,1
6,20110222,1
6,20110223,1
6,20110224,1
6,20110227,1
6,20110228,1
6,20110301,1
6,20110302,1
6,20110303,1
6,20110306,1
6,20110307,1
6,20110308,1
6,20110309,1
6,20110310,1
6,20110313,1
6,20110314,1
6,20110315,1
6,20110316,1
6,20110317,1
6,20110320,1
6,20110321,1
6,20110322,1
6,20110323,1
6,20110324,1
6,20110327,1
6,20110328,1
6,20110329,1
6,20110330,1
6,20110331,1
6,20110403,1
6,20110404,1
6,20110405,1
6,20110406,1
6,20110407,1
6,20110410,1
6,20110411,1
6,20110412,1
6,20110413,1
6,20110414,1
6,20110417,1
6,20110418,1
6,20110419,1
6,20110420,1
6,20110421,1
6,20110424,1
6,20110425,1
6,20110426,1
6,20110427,1
6,20110428,1
6,20110501,1
6,20110502,1
6,20110503,1
6,20110504,1
6,20110505,1
6,20110508,1
6,20110509,1
6,20110510,1
6,20110511,1
6,20110512,1
6,20110515,1
6,20110516,1
6,20110517,1
6,20110518,1
6,20110519,1
7,20101224,1
7,20110117,1
7,20110221,1
8,20101218,1
8,20101219,1
8,20101224,1
8,20101225,1
8,20101226,1
8,20110101,1
8,20110102,1
8,20110108,1
8,20110109,1
8,20110115,1
8,20110116,1
8,20110117,1
8,20110122,1
8,20110123,1
8,20110129,1
8,20110130,1
8,20110205,1
8,20110206,1
8,20110212,1
8,20110213,1
8,20110219,1
8,20110220,1
8,20110221,1
8,20110226,1
8,20110227,1
8,20110305,1
8,20110306,1
8,20110312,1
8,20110313,1
8,20110319,1
8,20110320,1
8,20110326,1
8,20110327,1
8,20110402,1
8,20110403,1
8,20110409,1
8,20110410,1
8,20110416,1
8,20110417,1
8,20110423,1
8,20110424,1
8,20110430,1
8,20110501,1
8,20110507,1
8,20110508,1
8,20110514,1
8,20110515,1
8,20110521,1
9,20101218,1
9,20110101,1
9,20110108,1
9,20110115,1
9,20110122,1
9,20110129,1
9,20110205,1
9,20110212,1
9,20110219,1
9,20110226,1
9,20110305,1
9,20110312,1
9,20110319,1
9,20110326,1
9,20110402,1
9,20110409,1
9,20110416,1
9,20110423,1
9,20110430,1
9,20110507,1
9,20110514,1
9,20110521,1
9,20110528,1
9,20110604,1
10,20101219,1
10,20101225,1
10,20101226,1
10,20110102,1
10,20110109,1
10,20110116,1
10,20110117,1
10,20110123,1
10,20110130,1
10,20110206,1
10,20110213,1
10,20110220,1
10,20110221,1
10,20110227,1
10,20110306,1
10,20110313,1
10,20110320,1
10,20110327,1
10,20110403,1
10,20110410,1
10,20110417,1
10,20110424,1
10,20110501,1
10,20110508,1
10,20110515,1
10,20110522,1
10,20110529,1
10,20110605,1
11,20101213,1
11,20101214,1
11,20101215,1
11,20101216,1
11,20101217,1
11,20101220,1
11,20101221,1
11,20101222,1
11,20101223,1
11,20101224,1
11,20101227,1
11,20101228,1
11,20101229,1
11,20101230,1
11,20101231,1
11,20110103,1
11,20110104,1
11,20110105,1
11,20110106,1
11,20110107,1
11,20110110,1
11,20110111,1
11,20110112,1
11,20110113,1
11,20110114,1
11,20110118,1
11,20110119,1
11,20110120,1
11,20110121,1
11,20110124,1
11,20110125,1
11,20110126,1
11,20110127,1
11,20110128,1
11,20110131,1
11,20110201,1
11,20110202,1
11,20110203,1
11,20110204,1
11,20110207,1
11,20110208,1
11,20110209,1
11,20110210,1
11,20110211,1
11,20110214,1
11,20110215,1
11,20110216,1
11,20110217,1
11,20110218,1
11,20110222,1
11,20110223,1
11,20110224,1
11,20110225,1
11,20110228,1
11,20110301,1
11,20110302,1
11,20110303,1
11,20110304,1
11,20110307,1
11,20110308,1
11,20110309,1
11,20110310,1
11,20110311,1
11,20110314,1
11,20110315,1
11,20110316,1
11,20110317,1
11,20110318,1
11,20110321,1
11,20110322,1
11,20110323,1
11,20110324,1
11,20110325,1
11,20110328,1
11,20110329,1
11,20110330,1
11,20110331,1
11,20110401,1
11,20110404,1
11,20110405,1
11,20110406,1
11,20110407,1
11,20110408,1
11,20110411,1
11,20110412,1
11,20110413,1
11,20110414,1
11,20110415,1
11,20110418,1
11,20110419,1
11,20110420,1
11,20110421,1
11,20110422,1
11,20110425,1
11,20110426,1
11,20110427,1
11,20110428,1
11,20110429,1
11,20110502,1
11,20110503,1
11,20110504,1
11,20110505,1
11,20110506,1
11,20110509,1
11,20110510,1
11,20110511,1
11,20110512,1
11,20110513,1
11,20110516,1
11,20110517,1
11,20110518,1
11,20110519,1
11,20110520,1
11,20110523,1
11,20110524,1
11,20110525,1
11,20110526,1
11,20110527,1
11,20110530,1
11,20110531,1
11,20110601,1
11,20110602,1
11,20110603,1
11,20110606,1
11,20110607,1
11,20110608,1
11,20110609,1
11,20110610,1
12,20110101,1
13,20101223,1
14,20101217,1
14,20101218,1
14,20101223,1
14,20101224,1
14,20101225,1
14,20110101,1
14,20110107,1
14,20110108,1
14,20110114,1
14,20110115,1
14,20110116,1
14,20110121,1
14,20110122,1
14,20110128,1
14,20110129,1
14,20110204,1
14,20110205,1
14,20110211,1
14,20110212,1
14,20110218,1
14,20110219,1
14,20110220,1
14,20110225,1
14,20110226,1
14,20110304,1
14,20110305,1
14,20110311,1
14,20110312,1
14,20110318,1
14,20110319,1
14,20110325,1
14,20110326,1
14,20110401,1
14,20110402,1
14,20110408,1
14,20110409,1
14,20110415,1
14,20110416,1
14,20110422,1
14,20110423,1
14,20110429,1
14,20110430,1
14,20110506,1
14,20110507,1
14,20110513,1
14,20110514,1
14,20110520,1
14,20110521,1
15,20101213,1
15,20101214,1
15,20101215,1
15,20101216,1
15,20101217,1
15,20101220,1
15,20101221,1
15,20101222,1
15,20101227,1
15,20101228,1
15,20101229,1
15,20101230,1
15,20101231,1
15,20110103,1
15,20110104,1
15,20110105,1
15,20110106,1
15,20110107,1
15,20110110,1
15,20110111,1
15,20110112,1
15,20110113,1
15,20110114,1
15,20110118,1
15,20110119,1
15,20110120,1
15,20110121,1
15,20110124,1
15,20110125,1
15,20110126,1
15,20110127,1
15,20110128,1
15,20110131,1
15,20110201,1
15,20110202,1
15,20110203,1
15,20110204,1
15,20110207,1
15,20110208,1
15,20110209,1
15,20110210,1
15,20110211,1
15,20110214,1
15,20110215,1
15,20110216,1
15,20110217,1
15,20110218,1
15,20110222,1
15,20110223,1
15,20110224,1
15,20110225,1
15,20110228,1
15,20110301,1
15,20110302,1
15,20110303,1
15,20110304,1
15,20110307,1
15,20110308,1
15,20110309,1
15,20110310,1
15,20110311,1
15,20110314,1
15,20110315,1
15,20110316,1
15,20110317,1
15,20110318,1
15,20110321,1
15,20110322,1
15,20110323,1
15,20110324,1
15,20110325,1
15,20110328,1
15,20110329,1
15,20110330,1
15,20110331,1
15,20110401,1
15,20110404,1
15,20110405,1
15,20110406,1
15,20110407,1
15,20110408,1
15,20110411,1
15,20110412,1
15,20110413,1
15,20110414,1
15,20110415,1
15,20110418,1
15,20110419,1
15,20110420,1
15,20110421,1
15,20110422,1
15,20110425,1
15,20110426,1
15,20110427,1
15,20110428,1
15,20110429,1
15,20110502,1
15,20110503,1
15,20110504,1
15,20110505,1
15,20110506,1
15,20110509,1
15,20110510,1
15,20110511,1
15,20110512,1
15,20110513,1
15,20110516,1
15,20110517,1
15,20110518,1
15,20110519,1
15,20110520,1
16,20101227,1
16,20101228,1
16,20101229,1
16,20101230,1
16,20101231,1
17,20101217,1
17,20110107,1
17,20110114,1
17,20110121,1
17,20110128,1
17,20110204,1
17,20110211,1
17,20110218,1
17,20110225,1
17,20110304,1
17,20110311,1
17,20110318,1
17,20110325,1
17,20110401,1
17,20110408,1
17,20110415,1
17,20110422,1
17,20110429,1
17,20110506,1
17,20110513,1
17,20110520,1
18,20101213,1
18,20101214,1
18,20101215,1
18,20101216,1
18,20101220,1
18,20101221,1
18,20101222,1
18,20101223,1
18,20101227,1
18,20101228,1
18,20101229,1
18,20101230,1
18,20101231,1
18,20110103,1
18,20110104,1
18,20110105,1
18,20110106,1
18,20110110,1
18,20110111,1
18,20110112,1
18,20110113,1
18,20110118,1
18,20110119,1
18,20110120,1
18,20110124,1
18,20110125,1
18,20110126,1
18,20110127,1
18,20110131,1
18,20110201,1
18,20110202,1
18,20110203,1
18,20110207,1
18,20110208,1
18,20110209,1
18,20110210,1
18,20110214,1
18,20110215,1
18,20110216,1
18,20110217,1
18,20110222,1
18,20110223,1
18,20110224,1
18,20110228,1
18,20110301,1
18,20110302,1
18,20110303,1
18,20110307,1
18,20110308,1
18,20110309,1
18,20110310,1
18,20110314,1
18,20110315,1
18,20110316,1
18,20110317,1
18,20110321,1
18,20110322,1
18,20110323,1
18,20110324,1
18,20110328,1
18,20110329,1
18,20110330,1
18,20110331,1
18,20110404,1
18,20110405,1
18,20110406,1
18,20110407,1
18,20110411,1
18,20110412,1
18,20110413,1
18,20110414,1
18,20110418,1
18,20110419,1
18,20110420,1
18,20110421,1
18,20110425,1
18,20110426,1
18,20110427,1
18,20110428,1
18,20110502,1
18,20110503,1
18,20110504,1
18,20110505,1
18,20110509,1
18,20110510,1
18,20110511,1
18,20110512,1
18,20110516,1
18,20110517,1
18,20110518,1
18,20110519,1
19,20101218,1
19,20101223,1
19,20101224,1
19,20101225,1
19,20110101,1
19,20110108,1
19,20110115,1
19,20110116,1
19,20110122,1
19,20110129,1
19,20110205,1
19,20110212,1
19,20110219,1
19,20110220,1
19,20110226,1
19,20110305,1
19,20110312,1
19,20110319,1
19,20110326,1
19,20110402,1
19,20110409,1
19,20110416,1
19,20110423,1
19,20110430,1
19,20110507,1
19,20110514,1
19,20110521,1
20,20101219,1
20,20101224,1
20,20101226,1
20,20110117,1
20,20110221,1
21,20101217,1
21,20101223,1
21,20110107,1
21,20110114,1
21,20110121,1
21,20110128,1
21,20110204,1
21,20110211,1
21,20110218,1
21,20110225,1
21,20110304,1
21,20110311,1
21,20110318,1
21,20110325,1
21,20110401,1
21,20110408,1
21,20110415,1
21,20110422,1
21,20110429,1
21,20110506,1
21,20110513,1
21,20110520,1
22,20101213,1
22,20101214,1
22,20101215,1
22,20101216,1
22,20101220,1
22,20101221,1
22,20101222,1
22,20101227,1
22,20101228,1
22,20101229,1
22,20101230,1
22,20110103,1
22,20110104,1
22,20110105,1
22,20110106,1
22,20110110,1
22,20110111,1
22,20110112,1
22,20110113,1
22,20110118,1
22,20110119,1
22,20110120,1
22,20110124,1
22,20110125,1
22,20110126,1
22,20110127,1
22,20110131,1
22,20110201,1
22,20110202,1
22,20110203,1
22,20110207,1
22,20110208,1
22,20110209,1
22,20110210,1
22,20110214,1
22,20110215,1
22,20110216,1
22,20110217,1
22,20110222,1
22,20110223,1
22,20110224,1
22,20110228,1
22,20110301,1
22,20110302,1
22,20110303,1
22,20110307,1
22,20110308,1
22,20110309,1
22,20110310,1
22,20110314,1
22,20110315,1
22,20110316,1
22,20110317,1
22,20110321,1
22,20110322,1
22,20110323,1
22,20110324,1
22,20110328,1
22,20110329,1
22,20110330,1
22,20110331,1
22,20110404,1
22,20110405,1
22,20110406,1
22,20110407,1
22,20110411,1
22,20110412,1
22,20110413,1
22,20110414,1
22,20110418,1
22,20110419,1
22,20110420,1
22,20110421,1
22,20110425,1
22,20110426,1
22,20110427,1
22,20110428,1
22,20110502,1
22,20110503,1
22,20110504,1
22,20110505,1
22,20110509,1
22,20110510,1
22,20110511,1
22,20110512,1
22,20110516,1
22,20110517,1
22,20110518,1
22,20110519,1
23,20101213,1
23,20101214,1
23,20101215,1
23,20101216,1
23,20101217,1
23,20101220,1
23,20101221,1
23,20101222,1
23,20101223,1
23,20110103,1
23,20110104,1
23,20110105,1
23,20110106,1
23,20110107,1
23,20110110,1
23,20110111,1
23,20110112,1
23,20110113,1
23,20110114,1
23,20110118,1
23,20110119,1
23,20110120,1
23,20110121,1
23,20110124,1
23,20110125,1
23,20110126,1
23,20110127,1
23,20110128,1
23,20110131,1
23,20110201,1
23,20110202,1
23,20110203,1
23,20110204,1
23,20110207,1
23,20110208,1
23,20110209,1
23,20110210,1
23,20110211,1
23,20110214,1
23,20110215,1
23,20110216,1
23,20110217,1
23,20110218,1
23,20110222,1
23,20110223,1
23,20110224,1
23,20110225,1
23,20110228,1
23,20110301,1
23,20110302,1
23,20110303,1
23,20110304,1
23,20110307,1
23,20110308,1
23,20110309,1
23,20110310,1
23,20110311,1
23,20110314,1
23,20110315,1
23,20110316,1
23,20110317,1
23,20110318,1
23,20110321,1
23,20110322,1
23,20110323,1
23,20110324,1
23,20110325,1
23,20110328,1
23,20110329,1
23,20110330,1
23,20110331,1
23,20110401,1
23,20110404,1
23,20110405,1
23,20110406,1
23,20110407,1
23,20110408,1
23,20110411,1
23,20110412,1
23,20110413,1
23,20110414,1
23,20110415,1
23,20110418,1
23,20110419,1
23,20110420,1
23,20110421,1
23,20110422,1
23,20110425,1
23,20110426,1
23,20110427,1
23,20110428,1
23,20110429,1
23,20110502,1
23,20110503,1
23,20110504,1
23,20110505,1
23,20110506,1
23,20110509,1
23,20110510,1
23,20110511,1
23,20110512,1
23,20110513,1
23,20110516,1
23,20110517,1
23,20110518,1
23,20110519,1
23,20110520,1
24,20101218,1
24,20101219,1
24,20101224,1
24,20101225,1
24,20101226,1
24,20101231,1
24,20110101,1
24,20110102,1
24,20110108,1
24,20110109,1
24,20110115,1
24,20110116,1
24,20110117,1
24,20110122,1
24,20110123,1
24,20110129,1
24,20110130,1
24,20110205,1
24,20110206,1
24,20110212,1
24,20110213,1
24,20110219,1
24,20110220,1
24,20110221,1
24,20110226,1
24,20110227,1
24,20110305,1
24,20110306,1
24,20110312,1
24,20110313,1
24,20110319,1
24,20110320,1
24,20110326,1
24,20110327,1
24,20110402,1
24,20110403,1
24,20110409,1
24,20110410,1
24,20110416,1
24,20110417,1
24,20110423,1
24,20110424,1
24,20110430,1
24,20110501,1
24,20110507,1
24,20110508,1
24,20110514,1
24,20110515,1
24,20110521,1
24,20110522,1
25,20101218,1
25,20101224,1
25,20101225,1
25,20110101,1
25,20110108,1
25,20110115,1
25,20110116,1
25,20110122,1
25,20110129,1
25,20110205,1
25,20110212,1
25,20110219,1
25,20110220,1
25,20110226,1
25,20110305,1
25,20110312,1
25,20110319,1
25,20110326,1
25,20110402,1
25,20110409,1
25,20110416,1
25,20110423,1
25,20110430,1
25,20110507,1
25,20110514,1
25,20110521,1
26,20101217,1
26,20101223,1
26,20101224,1
26,20101231,1
26,20110107,1
26,20110114,1
26,20110121,1
26,20110128,1
26,20110204,1
26,20110211,1
26,20110218,1
26,20110225,1
26,20110304,1
26,20110311,1
26,20110318,1
26,20110325,1
26,20110401,1
26,20110408,1
26,20110415,1
26,20110422,1
26,20110429,1
26,20110506,1
26,20110513,1
26,20110520,1
27,20101219,1
27,20101226,1
27,20110102,1
27,20110109,1
27,20110117,1
27,20110123,1
27,20110130,1
27,20110206,1
27,20110213,1
27,20110221,1
27,20110227,1
27,20110306,1
27,20110313,1
27,20110320,1
27,20110327,1
27,20110403,1
27,20110410,1
27,20110417,1
27,20110424,1
27,20110501,1
27,20110508,1
27,20110515,1
28,20101218,1
28,20110108,1
28,20110115,1
28,20110122,1
28,20110129,1
28,20110205,1
28,20110212,1
28,20110219,1
28,20110226,1
28,20110305,1
28,20110312,1
28,20110319,1
28,20110326,1
28,20110402,1
28,20110409,1
28,20110416,1
28,20110423,1
28,20110430,1
28,20110507,1
28,20110514,1
28,20110521,1
28,20110528,1
28,20110604,1
29,20101219,1
29,20101224,1
29,20101225,1
29,20101226,1
29,20101231,1
29,20110101,1
29,20110102,1
29,20110109,1
29,20110116,1
29,20110117,1
29,20110123,1
29,20110130,1
29,20110206,1
29,20110213,1
29,20110220,1
29,20110221,1
29,20110227,1
29,20110306,1
29,20110313,1
29,20110320,1
29,20110327,1
29,20110403,1
29,20110410,1
29,20110417,1
29,20110424,1
29,20110501,1
29,20110508,1
29,20110515,1
29,20110522,1
29,20110529,1
29,20110605,1
30,20101213,1
30,20101214,1
30,20101215,1
30,20101216,1
30,20101217,1
30,20101220,1
30,20101221,1
30,20101222,1
30,20101223,1
30,20101227,1
30,20101228,1
30,20101229,1
30,20101230,1
30,20110103,1
30,20110104,1
30,20110105,1
30,20110106,1
30,20110107,1
30,20110110,1
30,20110111,1
30,20110112,1
30,20110113,1
30,20110114,1
30,20110118,1
30,20110119,1
30,20110120,1
30,20110121,1
30,20110124,1
30,20110125,1
30,20110126,1
30,20110127,1
30,20110128,1
30,20110131,1
30,20110201,1
30,20110202,1
30,20110203,1
30,20110204,1
30,20110207,1
30,20110208,1
30,20110209,1
30,20110210,1
30,20110211,1
30,20110214,1
30,20110215,1
30,20110216,1
30,20110217,1
30,20110218,1
30,20110222,1
30,20110223,1
30,20110224,1
30,20110225,1
30,20110228,1
30,20110301,1
30,20110302,1
30,20110303,1
30,20110304,1
30,20110307,1
30,20110308,1
30,20110309,1
30,20110310,1
30,20110311,1
30,20110314,1
30,20110315,1
30,20110316,1
30,20110317,1
30,20110318,1
30,20110321,1
30,20110322,1
30,20110323,1
30,20110324,1
30,20110325,1
30,20110328,1
30,20110329,1
30,20110330,1
30,20110331,1
30,20110401,1
30,20110404,1
30,20110405,1
30,20110406,1
30,20110407,1
30,20110408,1
30,20110411,1
30,20110412,1
30,20110413,1
30,20110414,1
30,20110415,1
30,20110418,1
30,20110419,1
30,20110420,1
30,20110421,1
30,20110422,1
30,20110425,1
30,20110426,1
30,20110427,1
30,20110428,1
30,20110429,1
30,20110502,1
30,20110503,1
30,20110504,1
30,20110505,1
30,20110506,1
30,20110509,1
30,20110510,1
30,20110511,1
30,20110512,1
30,20110513,1
30,20110516,1
30,20110517,1
30,20110518,1
30,20110519,1
30,20110520,1
30,20110523,1
30,20110524,1
30,20110525,1
30,20110526,1
30,20110527,1
30,20110530,1
30,20110531,1
30,20110601,1
30,20110602,1
30,20110603,1
30,20110606,1
30,20110607,1
30,20110608,1
30,20110609,1
30,20110610,1
31,20101218,1
31,20101224,1
31,20101225,1
31,20110101,1
31,20110108,1
31,20110115,1
31,20110117,1
31,20110122,1
31,20110129,1
31,20110205,1
31,20110212,1
31,20110219,1
31,20110221,1
31,20110226,1
31,20110305,1
31,20110312,1
31,20110319,1
31,20110326,1
31,20110402,1
31,20110409,1
31,20110416,1
31,20110423,1
31,20110430,1
31,20110507,1
31,20110514,1
31,20110521,1
32,20101217,1
32,20101223,1
32,20101231,1
32,20110107,1
32,20110114,1
32,20110121,1
32,20110128,1
32,20110204,1
32,20110211,1
32,20110218,1
32,20110225,1
32,20110304,1
32,20110311,1
32,20110318,1
32,20110325,1
32,20110401,1
32,20110408,1
32,20110415,1
32,20110422,1
32,20110429,1
32,20110506,1
32,20110513,1
32,20110520,1
33,20101219,1
33,20101225,1
33,20101226,1
33,20110101,1
33,20110102,1
33,20110109,1
33,20110116,1
33,20110117,1
33,20110123,1
33,20110130,1
33,20110206,1
33,20110213,1
33,20110220,1
33,20110221,1
33,20110227,1
33,20110306,1
33,20110313,1
33,20110320,1
33,20110327,1
33,20110403,1
33,20110410,1
33,20110417,1
33,20110424,1
33,20110501,1
33,20110508,1
33,20110515,1
33,20110522,1
33,20110529,1
33,20110605,1
34,20110515,1
35,20101219,1
35,20110102,1
